
   0     38877           0           0     38877.000000
   1      1332       15559           0         0.085604
   2      3235       16246           3         0.199114
   3      3267       15247           0         0.214258
   4      4411       15589           3         0.282938
   5      2781       17323           0         0.160529
   6      3039       17074           3         0.177979
   7      3970       17117           5         0.231920
   8      2158       19569           0         0.110271
   9      1422       18487           0         0.076915
  10      1685       18776          12         0.089737
  11      2299       19166           0         0.119946
  12       553       20419          15         0.027081
  13       355       19629           6         0.018085
  14       752       19270          10         0.039022
  15       390       19733           0         0.019763
  16       929       16068           0         0.057813
  17       382       15026          31         0.025421
  18         0       14697          33         0.000000
  19         0       16165          22         0.000000
  20         0       15717          37         0.000000
  21         0       16903          37         0.000000
  22      1303       16673          37         0.078146
  23      1230       16787          37         0.073267
  24      2125       15931          32         0.133379
  25      2417       16082          30         0.150283
  26      1047       17856          36         0.058632
  27        80       18104           9         0.004419
  28       996       17240           0         0.057769
  29      1829       15344          24         0.119192
  30       854       15652           9         0.054558
  31      1115       15347           6         0.072648
  32       764       16136          18         0.047345
  33      1444       15797          13         0.091404
  34      1189       15325          19         0.077581
  35      1582       14965          24         0.105706
  36      1570       16187          19         0.096985
  37      2014       16840           4         0.119589
  38     19597           0           0     19597.000000
  39       282        5854          53         0.048164
  40       714        6198          48         0.115180
  41     35531        1223           0        29.028595
  42      3101       16909           4         0.183383
  43      4131       17624          12         0.234383
  44      3801       16164           6         0.235138
  45      5066       16031           0         0.315993
  46      3318       17927           0         0.185074
  47      4248       17018           7         0.249603
  48      4248       17374           5         0.244489
  49      3333       18847           0         0.176836
  50      1437       18943           6         0.075855
  51      1431       19440          11         0.073607
  52      2476       20051           4         0.123479
  53       551       20809           5         0.026478
  54       832       19875           9         0.041860
  55       779       19403          17         0.040146
  56       414       19502           8         0.021228
  57       840       16785          10         0.050042
  58       384       15062          41         0.025493
  59         0       15077          34         0.000000
  60         0       16315          34         0.000000
  61         0       16175          46         0.000000
  62       469       16694          41         0.028092
  63      1385       17090          37         0.081037
  64      1746       16873          35         0.103473
  65       720       17752          31         0.040557
  66      2008       17026          35         0.117930
  67      1555       17673          32         0.087982
  68       799       17492          17         0.045675
  69       360       17946           0         0.020059
  70      1565       15749          24         0.099365
  71       164       16643           4         0.009853
  72      1602       15425          12         0.103851
  73       632       16714           4         0.037810
  74      1374       16107          10         0.085299
  75      1250       15223          24         0.082107
  76       639       16689          20         0.038286
  77      1885       15841          16         0.118988
  78      1253       18003          10         0.069596
---------------------------------------------------------

-----------Result of Abrupt Scene Change Detection--------------
0 frame has abrupt scene change
38 frame has abrupt scene change
---------------------------------------------------------------

-----------Result of Gradual Scene Change Detection-------------
0 frame has gradual scene change
1 frame has gradual scene change
2 frame has gradual scene change
3 frame has gradual scene change
4 frame has gradual scene change
37 frame has gradual scene change
38 frame has gradual scene change
39 frame has gradual scene change
40 frame has gradual scene change
41 frame has gradual scene change
42 frame has gradual scene change
43 frame has gradual scene change
44 frame has gradual scene change
74 frame has gradual scene change
75 frame has gradual scene change
76 frame has gradual scene change
77 frame has gradual scene change
78 frame has gradual scene change
---------------------------------------------------------------

