  3 28 28 37.64 41.57 43.23 21392 0.00 0.00 0.00     0 37.17 41.32 42.98 10960  2560 0.618
  3 28 28 37.64 41.57 43.23 21392 0.00 0.00 0.00     0 37.17 41.32 42.98 10960  2560 0.544
  3 28 28 37.64 41.57 43.23 21392 0.00 0.00 0.00     0 37.17 41.32 42.98 10960  2560 0.601
  3 28 28 37.64 41.57 43.23 21392 0.00 0.00 0.00     0 37.17 41.32 42.98 10960  2560 0.605
  3 28 28 37.64 41.57 43.23 21392 0.00 0.00 0.00     0 37.17 41.32 42.98 10960  2560 0.565
  3 28 28 37.64 41.57 43.23 21392 0.00 0.00 0.00     0 37.17 41.32 42.98 10960  2560 0.573
  3 28 28 37.64 41.57 43.23 21392 0.00 0.00 0.00     0 37.17 41.32 42.98 10960  2560 0.546
  3 28 28 37.64 41.57 43.23 21392 0.00 0.00 0.00     0 37.17 41.32 42.98 10960  2560 0.577
  3 28 28 37.64 41.57 43.23 21392 0.00 0.00 0.00     0 37.17 41.32 42.98 10960  2560 0.571
  3 28 28 37.64 41.57 43.23 21392 0.00 0.00 0.00     0 37.17 41.32 42.98 10960  2560 0.496
  3 28 28 37.64 41.57 43.23 21392 0.00 0.00 0.00     0 37.17 41.32 42.98 10960  2560 0.632
  3 28 28 37.64 41.57 43.23 21392 0.00 0.00 0.00     0 37.17 41.32 42.98 10960  2560 0.648
  3 28 28 37.64 41.57 43.23 21392 0.00 0.00 0.00     0 37.17 41.32 42.98 10960  2560 0.650
  3 28 28 37.64 41.57 43.23 21392 0.00 0.00 0.00     0 37.17 41.32 42.98 10960  2560 0.627
  3 28 28 37.64 41.57 43.23 21392 0.00 0.00 0.00     0 37.17 41.32 42.98 10960  2560 0.725
  3 28 28 37.64 41.57 43.23 21392 0.00 0.00 0.00     0 37.17 41.32 42.98 10960  2560 0.430
  3 28 28 37.64 41.57 43.23 21392 0.00 0.00 0.00     0 37.17 41.32 42.98 10960  2560 0.492
  3 28 28 37.64 41.57 43.23 21392 0.00 0.00 0.00     0 37.17 41.32 42.98 10960  2560 0.476
  3 28 28 37.64 41.57 43.23 21392 0.00 0.00 0.00     0 37.17 41.32 42.98 10960  2560 0.487
  3 28 28 37.64 41.57 43.23 21392 0.00 0.00 0.00     0 37.17 41.32 42.98 10960  2560 0.449
  3 28 28 37.64 41.57 43.23 21392 0.00 0.00 0.00     0 37.17 41.32 42.98 10960  2560 21.242
  3 28 28 37.64 41.57 43.23 21392 0.00 0.00 0.00     0 37.17 41.32 42.98 10960  2560 0.426
  3 28 28 37.64 41.57 43.23 21392 0.00 0.00 0.00     0 37.17 41.32 42.98 10960  2560 0.482
  3 28 28 37.64 41.57 43.23 21392 0.00 0.00 0.00     0 37.17 41.32 42.98 10960  2560 0.485
  3 28 28 37.64 41.57 43.23 21392 0.00 0.00 0.00     0 37.17 41.32 42.98 10960  2560 0.465
  3 28 28 37.64 41.57 43.23 21392 0.00 0.00 0.00     0 37.17 41.32 42.98 10960  2560 0.450
  3 28 28 37.64 41.57 43.23 21392 0.00 0.00 0.00     0 37.17 41.32 42.98 10960  2560 0.468
  3 28 28 37.64 41.57 43.23 21392 0.00 0.00 0.00     0 37.17 41.32 42.98 10960  2560 0.450
  3 28 28 37.64 41.57 43.23 21392 0.00 0.00 0.00     0 37.17 41.32 42.98 10960  2560 0.525
  3 28 28 37.64 41.57 43.23 21392 0.00 0.00 0.00     0 37.17 41.32 42.98 10960  2560 0.480
  3 28 28 35.03 38.06 39.13 52248 0.00 0.00 0.00     0 33.95 37.58 38.98 28522  9072 0.536
  3 28 28 35.03 38.06 39.13 52248 0.00 0.00 0.00     0 33.95 37.58 38.98 28522  9072 0.439
263 28 28 35.03 38.06 39.13 52248 0.00 0.00 0.00     0 33.43 37.84 39.65 14517 11937 0.945
263 28 28 35.03 38.06 39.13 52248 0.00 0.00 0.00     0 33.43 37.84 39.65 14517 11937 0.955
263 28 28 35.03 38.06 39.13 52248 0.00 0.00 0.00     0 33.43 37.84 39.65 14517 11937 0.962
 11 28 28 37.64 41.57 43.23 21392 0.00 0.00 0.00     0 32.83 33.51 33.90 41574 36673 0.824
 11 28 28 37.64 41.57 43.23 21392 0.00 0.00 0.00     0 32.83 33.51 33.90 41574 36673 0.811
 11 28 28 37.64 41.57 43.23 21392 0.00 0.00 0.00     0 32.83 33.51 33.90 41574 36673 0.796
 11 28 28 37.64 41.57 43.23 21392 0.00 0.00 0.00     0 32.83 33.51 33.90 41574 36673 0.794
 11 28 28 37.64 41.57 43.23 21392 0.00 0.00 0.00     0 32.83 33.51 33.90 41574 36673 0.804
 11 28 28 37.64 41.57 43.23 21392 0.00 0.00 0.00     0 32.83 33.51 33.90 41574 36673 0.831
 11 28 28 37.64 41.57 43.23 21392 0.00 0.00 0.00     0 32.83 33.51 33.90 41574 36673 0.797
 11 28 28 37.64 41.57 43.23 21392 0.00 0.00 0.00     0 32.83 33.51 33.90 41574 36673 0.803
 11 28 28 37.64 41.57 43.23 21392 0.00 0.00 0.00     0 32.83 33.51 33.90 41574 36673 0.856
 11 28 28 37.64 41.57 43.23 21392 0.00 0.00 0.00     0 32.83 33.51 33.90 41574 36673 0.819
 11 28 28 37.64 41.57 43.23 21392 0.00 0.00 0.00     0 32.83 33.51 33.90 41574 36673 0.806
 11 28 28 37.64 41.57 43.23 21392 0.00 0.00 0.00     0 32.83 33.51 33.90 41574 36673 0.796
 11 28 28 37.64 41.57 43.23 21392 0.00 0.00 0.00     0 32.83 33.51 33.90 41574 36673 0.794
 11 28 28 37.64 41.57 43.23 21392 0.00 0.00 0.00     0 32.83 33.51 33.90 41574 36673 0.796
 11 28 28 37.64 41.57 43.23 21392 0.00 0.00 0.00     0 32.83 33.51 33.90 41574 36673 0.789
 11 28 28 37.64 41.57 43.23 21392 0.00 0.00 0.00     0 32.83 33.51 33.90 41574 36673 0.814
 11 28 28 37.64 41.57 43.23 21392 0.00 0.00 0.00     0 32.83 33.51 33.90 41574 36673 0.866
 11 28 28 37.64 41.57 43.23 21392 0.00 0.00 0.00     0 32.83 33.51 33.90 41574 36673 0.878
 11 28 28 37.64 41.57 43.23 21392 0.00 0.00 0.00     0 32.83 33.51 33.90 41574 36673 1.955
 11 28 28 37.64 41.57 43.23 21392 0.00 0.00 0.00     0 32.83 33.51 33.90 41574 36673 4.576
 79 28 28 35.83 40.55 40.56 40704 0.00 0.00 0.00     0 33.16 39.91 40.99 14011 10644 0.946
 79 28 28 35.83 40.55 40.56 40704 0.00 0.00 0.00     0 33.16 39.91 40.99 14011 10644 0.932
 79 28 28 35.83 40.55 40.56 40704 0.00 0.00 0.00     0 33.19 39.91 40.99 14151 10485 0.987
 79 28 28 35.83 40.55 40.56 40704 0.00 0.00 0.00     0 33.19 39.91 40.99 14151 10485 1.139
 79 28 28 35.83 40.55 40.56 40704 0.00 0.00 0.00     0 33.19 39.91 40.99 14151 10485 0.911
 79 28 28 35.83 40.55 40.56 40704 0.00 0.00 0.00     0 33.19 39.91 40.99 14151 10485 0.929
 79 28 28 35.83 40.55 40.56 40704 0.00 0.00 0.00     0 33.19 39.91 40.99 14151 10485 1.011
 11 28 28 37.64 41.57 43.23 21392 0.00 0.00 0.00     0 32.83 33.51 33.90 41574 36673 0.824
 11 28 28 37.64 41.57 43.23 21392 0.00 0.00 0.00     0 32.83 33.51 33.90 41574 36673 0.852
263 28 28 35.03 38.06 39.13 52248 0.00 0.00 0.00     0 33.43 37.84 39.65 14517 11937 1.032
 79 28 28 35.83 40.55 40.56 40704 0.00 0.00 0.00     0 33.19 39.91 40.99 14151 10485 0.899
 79 28 28 35.83 40.55 40.56 40704 0.00 0.00 0.00     0 33.19 39.91 40.99 14151 10485 0.997
 79 28 28 35.83 40.55 40.56 40704 0.00 0.00 0.00     0 33.19 39.91 40.99 14151 10485 1.051
 79 28 28 35.83 40.55 40.56 40704 0.00 0.00 0.00     0 33.19 39.91 40.99 14151 10485 0.967
  3 28 28 37.64 41.57 43.23 21392 0.00 0.00 0.00     0 37.17 41.32 42.98 10960  2560 0.489
  3 28 28 37.64 41.57 43.23 21392 0.00 0.00 0.00     0 37.17 41.32 42.98 10960  2560 0.471
  3 28 28 37.64 41.57 43.23 21392 0.00 0.00 0.00     0 37.17 41.32 42.98 10960  2560 0.452
 79 28 28 35.83 40.55 40.56 40704 0.00 0.00 0.00     0 33.19 39.91 40.99 14151 10485 1.036
 79 28 28 35.83 40.55 40.56 40704 0.00 0.00 0.00     0 33.19 39.91 40.99 14151 10485 0.945
 79 28 28 35.83 40.55 40.56 40704 0.00 0.00 0.00     0 33.19 39.91 40.99 14151 10485 0.966
 79 28 28 35.83 40.55 40.56 40704 0.00 0.00 0.00     0 33.19 39.91 40.99 14151 10485 0.926
 79 28 28 35.83 40.55 40.56 40704 0.00 0.00 0.00     0 33.19 39.91 40.99 14151 10485 0.972
  3 28 28 37.64 41.57 43.23 21392 0.00 0.00 0.00     0 37.17 41.32 42.98 10960  2560 0.483
  3 28 28 37.64 41.57 43.23 21392 0.00 0.00 0.00     0 37.17 41.32 42.98 10960  2560 0.496
  3 28 28 37.64 41.57 43.23 21392 0.00 0.00 0.00     0 37.17 41.32 42.98 10960  2560 0.477
 79 28 28 35.83 40.55 40.56 40704 0.00 0.00 0.00     0 33.19 39.91 40.99 14151 10485 0.929
 79 28 28 35.83 40.55 40.56 40704 0.00 0.00 0.00     0 33.19 39.91 40.99 14151 10485 0.972
 79 28 28 35.83 40.55 40.56 40704 0.00 0.00 0.00     0 33.19 39.91 40.99 14151 10485 0.828
 79 28 28 35.83 40.55 40.56 40704 0.00 0.00 0.00     0 33.19 39.91 40.99 14151 10485 0.877
  3 28 28 37.64 41.57 43.23 21392 0.00 0.00 0.00     0 37.17 41.32 42.98 10960  2560 0.467
  3 28 28 37.64 41.57 43.23 21392 0.00 0.00 0.00     0 37.17 41.32 42.98 10960  2560 0.432
 79 28 28 35.83 40.55 40.56 40704 0.00 0.00 0.00     0 33.19 39.91 40.99 14151 10485 0.949
 79 28 28 35.83 40.55 40.56 40704 0.00 0.00 0.00     0 33.19 39.91 40.99 14151 10485 0.924
 79 28 28 35.83 40.55 40.56 40704 0.00 0.00 0.00     0 33.19 39.91 40.99 14151 10485 0.902
 79 28 28 35.83 40.55 40.56 40704 0.00 0.00 0.00     0 33.19 39.91 40.99 14151 10485 1.007
  3 28 28 37.64 41.57 43.23 21392 0.00 0.00 0.00     0 37.17 41.32 42.98 10960  2560 0.463
  3 28 28 37.64 41.57 43.23 21392 0.00 0.00 0.00     0 37.17 41.32 42.98 10960  2560 0.454
  3 28 28 37.64 41.57 43.23 21392 0.00 0.00 0.00     0 37.17 41.32 42.98 10960  2560 0.470
  3 28 28 37.64 41.57 43.23 21392 0.00 0.00 0.00     0 37.17 41.32 42.98 10960  2560 0.473
  3 28 28 37.64 41.57 43.23 21392 0.00 0.00 0.00     0 37.17 41.32 42.98 10960  2560 0.452
  3 28 28 37.64 41.57 43.23 21392 0.00 0.00 0.00     0 37.17 41.32 42.98 10960  2560 0.477
  3 28 28 37.64 41.57 43.23 21392 0.00 0.00 0.00     0 37.17 41.32 42.98 10960  2560 0.450
  3 28 28 37.64 41.57 43.23 21392 0.00 0.00 0.00     0 37.17 41.32 42.98 10960  2560 0.466
  3 28 28 37.64 41.57 43.23 21392 0.00 0.00 0.00     0 37.17 41.32 42.98 10960  2560 0.451
  3 28 28 37.64 41.57 43.23 21392 0.00 0.00 0.00     0 37.17 41.32 42.98 10960  2560 0.492
  3 28 28 37.64 41.57 43.23 21392 0.00 0.00 0.00     0 37.17 41.32 42.98 10960  2560 0.458
263 28 28 35.03 38.06 39.13 52248 0.00 0.00 0.00     0 33.43 37.84 39.65 14517 11937 0.902
263 28 28 35.03 38.06 39.13 52248 0.00 0.00 0.00     0 33.43 37.84 39.65 14517 11937 1.003
263 28 28 35.03 38.06 39.13 52248 0.00 0.00 0.00     0 33.43 37.84 39.65 14517 11937 0.878
263 28 28 36.38 39.27 40.67 629984 0.00 0.00 0.00     0 33.48 37.94 39.76 16897 11902 0.900
263 28 28 36.38 39.27 40.67 629984 0.00 0.00 0.00     0 33.48 37.94 39.76 16897 11902 1.100
263 28 28 35.03 38.06 39.13 52248 0.00 0.00 0.00     0 33.43 37.84 39.65 14517 11937 1.000
263 28 28 35.03 38.06 39.13 52248 0.00 0.00 0.00     0 33.43 37.84 39.65 14517 11937 0.947
 79 28 28 35.83 40.55 40.56 40704 0.00 0.00 0.00     0 33.19 39.91 40.99 14151 10485 0.930
 79 28 28 35.46 40.55 40.57 38968 0.00 0.00 0.00     0 35.57 40.36 41.58 18936     0 0.677
300 28 28 39.18 41.25 42.18 17896 0.00 0.00 0.00     0 38.89 41.11 41.94   908     0 0.502
300 28 28 39.18 41.25 42.18 17896 0.00 0.00 0.00     0 38.89 41.11 41.94   908     0 0.489
300 28 28 39.18 41.25 42.18 17896 0.00 0.00 0.00     0 38.89 41.11 41.94   908     0 0.480
 79 28 28 35.46 40.55 40.57 38968 0.00 0.00 0.00     0 35.57 40.36 41.58 18936     0 0.659
 79 28 28 35.46 40.55 40.57 38968 0.00 0.00 0.00     0 35.57 40.36 41.58 18936     0 0.745
 79 28 28 35.46 40.55 40.57 38968 0.00 0.00 0.00     0 35.57 40.36 41.58 18936     0 0.626
 79 28 28 35.83 40.55 40.56 40704 0.00 0.00 0.00     0 33.19 39.91 40.99 14151 10485 0.977
 79 28 28 35.46 40.55 40.57 38968 0.00 0.00 0.00     0 35.57 40.36 41.58 18936     0 0.687
263 28 28 34.69 38.04 39.10 50552 0.00 0.00 0.00     0 35.74 38.95 40.27 20868     0 0.782
403 28 28 35.46 40.55 40.57 38968 0.00 0.00 0.00     0 38.35 40.35 41.40  6617     0 0.557
403 28 28 35.46 40.55 40.57 38968 0.00 0.00 0.00     0 38.35 40.35 41.40  6617     0 0.562
 79 28 28 35.46 40.55 40.57 38968 0.00 0.00 0.00     0 35.57 40.36 41.58 18936     0 0.692
 79 28 28 35.46 40.55 40.57 38968 0.00 0.00 0.00     0 35.57 40.36 41.58 18936     0 0.803
 79 28 28 35.46 40.55 40.57 38968 0.00 0.00 0.00     0 35.57 40.36 41.58 18936     0 0.808
 79 28 28 35.46 40.55 40.57 38968 0.00 0.00 0.00     0 35.57 40.36 41.58 18936     0 0.815
 79 28 28 35.46 40.55 40.57 38968 0.00 0.00 0.00     0 35.57 40.36 41.58 18936     0 0.772
 79 28 28 35.46 40.55 40.57 38968 0.00 0.00 0.00     0 35.57 40.36 41.58 18936     0 0.780
 79 28 28 35.46 40.55 40.57 38968 0.00 0.00 0.00     0 35.57 40.36 41.58 18936     0 0.794
  3 28 28 37.37 41.48 43.24 20584 0.00 0.00 0.00     0 37.17 41.32 43.00 10813     0 0.351
 79 28 28 35.46 40.55 40.57 38968 0.00 0.00 0.00     0 35.57 40.36 41.58 18936     0 0.749
403 28 28 35.46 40.55 40.57 38968 0.00 0.00 0.00     0 38.35 40.35 41.40  6617     0 0.649
500 28 28 39.18 41.25 42.18 17896 0.00 0.00 0.00     0 37.79 40.28 41.30  8266     0 0.752
500 28 28 39.18 41.25 42.18 17896 0.00 0.00 0.00     0 37.79 40.28 41.30  8266     0 0.783
500 28 28 39.18 41.25 42.18 17896 0.00 0.00 0.00     0 37.79 40.28 41.30  8266     0 0.742
 79 28 28 35.46 40.55 40.57 38968 0.00 0.00 0.00     0 35.57 40.36 41.58 18936     0 0.789
