 0   0.014267
 1   0.040674
 2   0.060479
 3   0.077565
 4   0.091235
 5   0.099121
 6   0.107518
 7   0.105597
 8   0.097520
 9   0.086200
10   0.074880
11   0.066858
12   0.053140
13   0.039422
14   0.031194
15   0.026584
16   0.020737
17   0.014890
18   0.012428
19   0.009966
20   0.008169
21   0.004622
22   0.008972
23   0.013765
24   0.025890
25   0.038016
26   0.043346
27   0.048598
28   0.047189
29   0.045336
30   0.039815
31   0.032650
32   0.033924
33   0.035725
34   0.038783
35   0.042348
36   0.045353
37   0.051265
38   0.086246
39   0.142990
40   0.198478
41   0.280069
42   0.406938
43   0.532544
44   0.627438
45   0.784651
46   0.963973
47   1.382200
48   1.754355
49   2.047729
50   2.089586
51   2.018034
52   1.953252
53   1.594949
54   1.236647
55   0.957125
56   1.088032
57   1.659127
58   1.895692
59   2.160261
60   2.340457
61   2.460389
62   2.481672
63   2.183332
64   2.190645
65   1.906266
66   1.668322
67   1.490641
68   1.213132
69   0.854925
70   0.496719
71   0.430259
72   0.401739
73   0.358497
74   0.352168
75   0.337501
76   0.346441
77   0.431466
78   0.516492
79   0.594232
80   0.674621
81   0.893798
82   1.089368
83   1.124841
84   1.130460
85   1.122288
86   1.112450
87   0.961175
88   0.809900
89   0.731788
90   0.726897
91   0.783930
92   0.866525
93   0.949119
94   0.947208
95   0.950818
96   0.911060
97   0.845178
98   0.735119
99   0.602842
100   0.547248
101   0.504748
102   0.484792
103   0.464836
104   0.375058
105   0.307500
106   0.247764
107   0.180205
108   0.090102
109   0.000000
110   0.000000
111   0.000000
112   0.000000
113   0.000000
114   0.000000
115   0.000000
116   0.000000
117   0.000000
118   0.000000
119   0.000000
120   0.000000
121   0.000000
122   0.000000
123   0.000000
124   0.000000
125   0.000000
126   0.000000
127   0.000000
128   0.000000
129   0.000000
130   0.000000
131   0.000000
132   0.000000
133   0.000000
134   0.000000
135   0.000000
136   0.000000
137   0.000000
138   0.000000
139   0.000000
140   0.000000
141   0.000000
142   0.000000
143   0.000000
144   0.000000
145   0.000000
146   0.000000
147   0.000000
148   0.000000
149   0.000000
150   0.000000
151   0.000000
152   0.000000
153   0.000000
154   0.000000
155   0.000000
156   0.000000
157   0.000000
158   0.000000
159   0.000000
160   0.000000
161   0.000000
162   0.000000
163   0.000000
164   0.000000
165   0.000000
166   0.000000
167   0.000000
168   0.000000
169   0.000000
170   0.000000
171   0.000000
172   0.000000
173   0.000000
174   0.000000
175   0.000000
176   0.000000
177   0.000000
178   0.000000
179   0.000000
180   0.000000
181   0.000000
182   0.000000
183   0.000000
184   0.000000
185   0.000000
186   0.000000
187   0.000000
188   0.000000
189   0.000000
190   0.000000
191   0.000000
192   0.000000
193   0.000000
194   0.000000
195   0.000000
196   0.000000
197   0.000000
198   0.000000
199   0.000000
200   0.000000
201   0.000000
202   0.000000
203   0.000000
204   0.000000
205   0.000000
206   0.000000
207   0.000000
208   0.000000
209   0.000000
210   0.000000
211   0.000000
212   0.000000
213   0.000000
214   0.000000
215   0.000000
216   0.000000
217   0.000000
218   0.000000
219   0.000000
220   0.000000
221   0.000000
222   0.000000
223   0.000000
224   0.000000
225   0.000000
226   0.000000
227   0.000000
228   0.000000
229   0.000000
230   0.000000
231   0.000000
232   0.000000
233   0.000000
234   0.000000
235   0.000000
236   0.000000
237   0.000000
238   0.000000
239   0.000000
240   0.000000
241   0.000000
242   0.000000
243   0.000000
244   0.000000
245   0.000000
246   0.000000
247   0.000000
248   0.000000
249   0.000000
250   0.000000
251   0.000000
252   0.000000
253   0.000000
254   0.000000
255   0.000000
256   0.000000
257   0.000000
258   0.000000
259   0.000000
260   0.000000
261   0.000000
262   0.000000
263   0.000000
264   0.000000
265   0.000000
266   0.000000
267   0.000000
268   0.000000
269   0.000000
270   0.000000
271   0.000000
272   0.000000
273   0.000000
274   0.000000
275   0.000000
276   0.000000
277   0.000000
278   0.000000
279   0.000000
280   0.000000
281   0.000000
282   0.000000
283   0.000000
284   0.000000
285   0.000000
286   0.000000
287   0.000000
288   0.000000
289   0.000000
290   0.000000
291   0.000000
292   0.000000
293   0.000000
294   0.000000
295   0.000000
296   0.000000
297   0.000000
298   0.000000
299   0.000000
300   0.000000
301   0.000000
302   0.000000
303   0.000000
304   0.000000
305   0.000000
306   0.000000
307   0.000000
308   0.000000
309   0.000000
310   0.000000
311   0.000000
312   0.000000
313   0.000000
314   0.000000
315   0.000000
316   0.000000
317   0.000000
318   0.000000
319   0.000000
320   0.000000
321   0.000000
322   0.000000
323   0.000000
324   0.000000
325   0.000000
326   0.000000
327   0.000000
328   0.000000
329   0.000000
330   0.000000
331   0.000000
332   0.000000
333   0.000000
334   0.000000
335   0.000000
336   0.000000
337   0.000000
338   0.000000
339   0.000000
340   0.000000
341   0.000000
342   0.000000
343   0.000000
344   0.000000
345   0.000000
346   0.000000
347   0.000000
348   0.000000
349   0.000000
350   0.000000
351   0.000000
352   0.000000
353   0.000000
354   0.000000
355   0.000000
356   0.000000
357   0.000000
358   0.000000
359   0.000000
360   0.000000
361   0.000000
362   0.000000
363   0.000000
364   0.000000
365   0.000000
366   0.000000
367   0.000000
368   0.000000
369   0.000000
370   0.000000
371   0.000000
372   0.000000
373   0.000000
374   0.000000
375   0.000000
376   0.000000
377   0.000000
378   0.000000
379   0.000000
380   0.000000
381   0.000000
382   0.000000
383   0.000000
384   0.000000
385   0.000000
386   0.000000
387   0.000000
388   0.000000
389   0.000000
390   0.000000
391   0.000000
392   0.000000
393   0.000000
394   0.000000
395   0.000000
396   0.000000
397   0.000000
398   0.000000
399   0.000000
400   0.000000
401   0.000000
402   0.000000
